  0.0          0.0000000000      0.0000000000      0.0000000000000000
  30.0         0.5235987756      0.8472006154      0.7494299171662957
  45.0         0.7853981634      1.2708009231      0.9553378474102883
  60.0         1.0471975512      1.6944012308      0.9923706348441527
  90.0         1.5707963268      2.5416018462      0.5646348864175504
  109.5        1.9111355309      3.0922822462      0.0492904266842578
  120.0        2.0943951024      3.3888024615      -0.2446995479892010
  137.5        2.3998277215      3.8830028205      -0.6753286047879887
  150.0        2.6179938780      4.2360030769      -0.8886580408471290
  180.0        3.1415926536      5.0832036923      -0.9320324238132277
  210.0        3.6651914292      5.9304043077      -0.3455088731348092
  240.0        4.1887902048      6.7776049231      0.4745208514522901
  270.0        4.7123889804      7.6248055385      0.9738538962198786
  300.0        5.2359877560      8.4720061539      0.8150246912334926
  330.0        5.7595865316      9.3192067692      0.1053751974240699
  360.0        6.2831853072      10.1664073846     -0.6754902942615232

WAVE FUNCTION AT GOLDEN ANGLE MULTIPLES:
------------------------------------------------------------
n    n*137.5 deg    theta (rad)       psi(theta)
------------------------------------------------------------
  1  137.507764     2.3999632297      -0.6754902942615233
  2  275.015528     4.7999264595      0.9961710408648277
  3  412.523292     7.1998896892      -0.7936007512916964
