n\m   m=0                 m=1                 m=2                 m=3
--------------------------------------------------------------------------------
  0   0.000000000000      0.050102152306      -0.100078457877     0.149803386082      
  1   -0.675490294262     0.637698177168      -0.598304287910     0.557407576174      
  2   0.996171040865      -0.990539731208     0.982420380928      -0.971833384233     
  3   -0.793600751292     0.823088163417      -0.850508140263     0.875791808248      
  4   0.174181950379      -0.223299460029     0.271856085436      -0.319729861924     
  5   0.536728052626      -0.493780018783     0.449591706830      -0.404274109099     
  6   -0.965715074376     0.951495496964      -0.934885950352     0.915928154448      
  7   0.887448429245      -0.909426315403     0.929119901855      -0.946479722193     
  8   -0.343038630874     0.389669826803      -0.435322248910     0.479881227306      
  9   -0.381556408475     0.334765509381      -0.287133745292     0.238780757814      

CUMULATIVE DECODING SIGNAL (sum over tetrahedral vertices):
--------------------------------------------------
Layer n   Sum D(n,0..3)            |Sum|
--------------------------------------------------
  0       0.0998270805108105       0.0998270805108105
  1       -0.0786888288295076      0.0786888288295076
  2       0.0162183063518138       0.0162183063518138
  3       0.0547710801115742       0.0547710801115742
  4       -0.0969912861378310      0.0969912861378310
  5       0.0882656315740805       0.0882656315740805
  6       -0.0331773733154722      0.0331773733154722
